50136	5258	12231	4330
50246	5221	12443	3619
50247	5202	12334	105145
50349	5140	12424	5015
50353	5143	12639	1774
50425	5015	12011	5814
50434	5029	12141	7326
50442	5024	12407	3717
50468	5015	12727	1664
50514	4935	11719	6618
50527	4915	11942	6496
50548	4912	12343	2861
50557	4910	12514	2422
50564	4926	12721	2345
50603	4840	11649	5542
50618	4813	11816	6420
50632	4846	12155	7397
50639	4800	12244	3065
50656	4817	12631	2697
50658	4803	12553	2360
50674	4834	12926	4045
50727	4710	11956	9972
50739	4720	12311	1900
50742	4748	12429	1627
50745	4723	12355	1471
50756	4727	12658	2392
50758	4711	12554	2460
50774	4744	12855	2409
50778	4740	13232	575
50788	4714	13159	664
50834	4636	12113	4997
50838	4605	12203	2747
50844	4624	12327	1388
50853	4637	12658	1796
50854	4623	12519	1493
50862	4659	12801	2105
50873	4647	13018	820
50877	4618	12935	1001
50888	4619	13211	830
50915	4531	11658	8389
50924	4532	11940	8237
50936	4538	12250	1553
50945	4530	12416	1376
50948	4500	12401	1463
50949	4505	12452	1362
50950	4542	12515	1487
50953	4545	12646	1423
50955	4523	12618	1664
50963	4558	12844	1086
50968	4513	12758	1897
50973	4545	13036	2344
50978	4518	13056	2808
50983	4546	13258	1002
51053	4803	8624	5326
51059	4726	8552	9841
51060	4742	8652	4739
51068	4707	8728	5009
51076	4744	8805	7353
51087	4659	8931	8075
51133	4644	8300	5349
51156	4647	8543	12916
51186	4640	9023	12182
51232	4511	8234	3361
51238	4454	8204	5319
51241	4556	8336	10778
51243	4537	8451	4495
51288	4522	9032	16537
51330	4458	8101	13578
51334	4436	8254	3186
51346	4426	8440	4787
51358	4417	8549	4685
51365	4412	8732	4405
51367	4408	8649	105221
51379	4401	8934	7935
51431	4357	8120	6625
51433	4348	8231	11053
51437	4309	8108	18510
51463	4347	8739	9350
51467	4244	8618	17390
51469	4327	8711	19300
51470	4353	8807	19425
51477	4321	8819	11035
51495	4313	9144	7214
51526	4214	8813	9224
51542	4302	8409	24580
51567	4205	8634	10553
51573	4256	8912	345
51581	4251	9014	3986
51628	4110	8014	11038
51633	4147	8154	12292
51639	4114	8247	9804
51642	4149	8416	9820
51644	4143	8258	10819
51655	4121	8616	8849
51656	4145	8608	9315
51701	4031	7524	35044
51704	3943	7610	12987
51705	3943	7515	21757
51709	3928	7559	12894
51711	4056	7827	19851
51716	3948	7834	11165
51720	4030	7903	11618
51730	4033	8116	10122
51747	3900	8340	10993
51765	4038	8742	8460
51777	3902	8810	8877
51804	3746	7514	30901
51810	3855	7738	11782
51811	3826	7716	12312
51818	3737	7817	13754
51828	3708	7956	13750
51839	3704	8243	14095
51855	3809	8533	12472
51886	3815	9051	29448
51931	3651	8139	14220
52101	4336	9303	16772
52112	4346	9508	4790
52118	4316	9442	17286
52203	4249	9331	7372
52267	4157	10104	9405
52313	4132	9440	15738
52323	4148	9702	17704
52418	4009	9441	11390
52424	4032	9547	11709
52436	4016	9702	15260
52446	4018	9931	11774
52447	4000	9853	12705
52495	4010	10448	13239
52533	3946	9829	14772
52546	3922	9950	13322
52576	3913	10141	15101
52602	3845	9320	27700
52633	3849	9825	33670
52645	3825	9935	133200
52652	3905	10017	14611
52657	3811	10015	27874
52661	3848	10105	17655
52674	3814	10158	19769
52679	3755	10240	15315
52681	3838	10305	13675
52707	3648	9341	27670
52713	3751	9521	31732
52737	3722	9723	29815
52754	3720	10008	133015
52765	3723	10137	128500
52787	3712	10252	30451
52797	3711	10403	16309
52818	3625	9455	28076
52825	3626	9626	27904
52833	3656	9829	129500
52836	3618	9806	31890
52842	3647	9905	30876
52856	3616	10037	28350
52866	3644	10145	22952
52868	3602	10126	22371
52876	3620	10250	18139
52884	3621	10357	16685
52895	3634	10441	13982
52908	3513	9305	46122
52943	3535	9959	33232
52955	3535	10044	131200
52974	3531	10201	24914
52983	3552	10409	18744
52984	3535	10311	19172
52986	3522	10352	18938
52996	3523	10501	24506
53068	4339	11158	9647
53083	4437	11409	11816
53149	4232	11008	12252
53192	4401	11457	11261
53195	4351	11338	10367
53276	4224	11254	11508
53336	4134	10831	12880
53352	4142	11026	13766
53362	4132	11141	14901
53367	4119	11114	16023
53391	4154	11400	14827
53399	4109	11442	13933
53446	4040	10951	10672
53463	4049	11141	10630
53478	4000	11227	13458
53480	4102	11304	14193
53487	4006	11320	10672
53490	4026	11403	10147
53502	3947	10545	110318
53513	4044	10722	10411
53519	3913	10646	10925
53529	3906	10759	13803
53543	3950	10959	14619
53547	3906	10902	13122
53564	3923	11109	8615
53578	3922	11226	11148
53579	3901	11254	8597
53588	3857	11331	22083
53593	3950	11434	9095
53594	3927	11411	9387
53602	3850	10540	15614
53612	3759	10611	11288
53614	3828	10612	11109
53615	3848	10642	11016
53646	3816	10947	11570
53651	3849	11026	9411
53663	3855	11149	14010
53664	3828	11108	10126
53673	3844	11243	8282
53687	3747	11338	7530
53698	3802	11425	810
53704	3732	10511	12257
53705	3729	10541	11834
53723	3748	10723	13493
53725	3735	10735	13603
53735	3737	10848	13367
53738	3655	10810	13314
53740	3756	10914	11110
53754	3730	11013	9297
53764	3730	11106	9508
53772	3747	11233	7783
53775	3726	11232	7819
53787	3704	11259	10414
53798	3704	11430	773
53806	3634	10539	18542
53810	3658	10554	13393
53817	3600	10616	17530
53821	3634	10718	12556
53845	3636	10930	9585
53853	3642	11057	10527
53854	3635	11004	8048
53859	3606	11040	8513
53863	3702	11155	7439
53868	3604	11130	4495
53877	3610	11215	8601
53882	3603	11304	9918
53884	3631	11302	8779
53898	3603	11424	629
53903	3558	10543	19165
53910	3540	10612	28412
53915	3533	10640	13466
53923	3544	10738	14210
53929	3512	10748	12065
53942	3549	10930	11598
53948	3457	10935	4992
53955	3528	11027	4581
53959	3503	11103	3650
53963	3539	11122	4338
53968	3517	11140	5050
53975	3529	11224	6595
53986	3519	11353	732
54012	4434	11738	10017
54026	4434	12054	2650
54027	4359	11924	4862
54041	4448	12304	1500
54049	4415	12358	1889
54063	4458	12600	1968
54064	4423	12509	1702
54094	4434	12936	2414
54096	4423	13110	5678
54102	4357	11607	10030
54115	4336	11804	7995
54134	4336	12117	2410
54135	4336	12216	1787
54142	4330	12332	1149
54157	4310	12420	1657
54161	4354	12513	2368
54165	4333	12538	2195
54171	4342	12631	2295
54181	4342	12720	2950
54186	4322	12812	5249
54195	4318	12947	2448
54208	4211	11628	12454
54213	4256	11901	6343
54218	4218	11850	6686
54226	4220	12042	4005
54236	4223	12233	794
54237	4204	12145	1678
54243	4247	12407	1651
54254	4232	12403	982
54259	4206	12455	2372
54260	4255	12505	2529
54263	4258	12603	3367
54266	4232	12538	3405
54273	4259	12645	2633
54276	4221	12649	5492
54284	4209	12730	7742
54285	4225	12807	7214
54286	4232	12900	4756
54292	4252	12930	2573
54308	4112	11638	7351
54311	4158	11746	8927
54324	4133	12026	1743
54326	4123	11942	4220
54333	4158	12251	309
54334	4131	12114	685
54335	4141	12205	375
54337	4108	12107	659
54339	4105	12300	773
54342	4144	12331	490
54346	4119	12347	1854
54349	4118	12407	2119
54351	4155	12405	1185
54353	4144	12503	3284
54363	4141	12554	4029
54365	4117	12521	2455
54374	4148	12653	3797
54377	4106	12609	1777
54386	4125	12811	7750
54401	4047	11453	7242
54405	4025	11530	5709
54406	4027	11558	4879
54416	4023	11652	718
54423	4058	11755	4223
54429	4012	11757	549
54436	4025	11857	2543
54449	3951	11931	24
54452	4048	11949	3655
54454	4020	12018	290
54455	4037	12039	205
54470	4101	12204	55
54471	4039	12210	38
54472	4053	12243	253
54476	4010	12209	204
54486	4017	12317	798
54493	4043	12447	2601
54497	4003	12420	138
54511	3948	11628	313
54518	3907	11623	90
54525	3944	11717	51
54527	3905	11703	35
54534	3939	11806	232
54535	3917	11828	32
54539	3926	11853	105
54563	3938	12201	1187
54579	3916	12235	355
54584	3943	12257	348
54602	3844	11529	168
54606	3814	11544	190
54618	3805	11633	132
54623	3903	11743	48
54624	3822	11721	66
54660	3849	12114	667
54662	3854	12138	915
54705	3722	11523	274
54715	3719	11634	186
54725	3730	11732	117
54727	3641	11733	1218
54744	3735	11833	85
54751	3756	12044	397
54753	3738	12020	48
54764	3729	12114	539
54774	3728	12208	654
54776	3724	12242	477
54808	3614	11538	378
54823	3636	11700	1703
54826	3615	11706	15337
54836	3611	11810	3051
54842	3646	11957	486
54843	3645	11912	222
54857	3604	12020	760
54863	3647	12111	409
54909	3505	11531	515
54916	3534	11651	517
54929	3516	11758	1212
54936	3534	11850	1074
54945	3526	11932	369
55228	3230	8005	42786
55248	3209	8425	44149
55279	3123	9001	147000
55294	3221	9106	148000
55299	3129	9204	45070
55437	3017	8115	139000
55472	3057	8838	146720
55493	3029	9106	142000
55569	2905	8736	140000
55578	2915	8853	38360
55585	2926	9010	138094
55591	2940	9108	36489
55598	2915	9146	35517
55655	2811	8558	138100
55664	2838	8705	143000
55680	2855	8936	140400
55681	2858	9024	144317
55690	2759	9157	142800
55696	2825	9228	138600
55773	2744	8905	143000
56004	3413	9226	45331
56018	3253	9517	40664
56021	3407	9548	41750
56029	3300	9700	36812
56033	3455	9813	42723
56034	3348	9708	44154
56038	3259	9806	142000
56043	3429	10014	37190
56046	3345	9939	39675
56065	3444	10136	135000
56067	3326	10129	36285
56074	3400	10205	34714
56079	3335	10258	34414
56080	3500	10254	29100
56093	3426	10401	23150
56096	3324	10455	10791
56106	3153	9347	40228
56116	3125	9536	38731
56125	3212	9628	36437
56137	3109	9710	33150
56144	3148	9835	131840
56146	3137	10000	133935
56151	3256	10045	135300
56152	3217	10020	138939
56167	3059	10107	29572
56172	3154	10214	26644
56173	3248	10233	34916
56178	3100	10221	23692
56182	3239	10334	28507
56187	3045	10352	5477
56188	3100	10340	6985
56196	3127	10444	5227
56202	3040	9317	144888
56223	3045	9550	136400
56227	2952	9546	127360
56247	3000	9906	25892
56251	3056	10019	130000
56257	3000	10016	39489
56287	2959	10300	6276
56312	2940	9420	29918
56331	2940	9750	137800
56357	2903	10018	137277
56374	3003	10158	26157
56385	2931	10320	130474
56386	2934	10345	4242
56434	2839	9728	23276
56444	2829	9855	33190
56459	2756	10116	24265
56462	2900	10130	29250
56475	2839	10231	16595
56479	2800	10251	21324
56485	2816	10335	12558
56492	2848	10436	3408
56533	2745	9840	15833
56543	2750	9942	32767
56548	2710	9917	23261
56565	2726	10131	125450
56571	2754	10216	15909
56586	2721	10343	19495
56643	2552	9851	9499
56651	2651	10013	23809
56664	2638	10116	12308
56666	2635	10143	11901
56671	2639	10215	17873
56684	2625	10317	21105
56691	2652	10417	22375
56693	2635	10452	18159
56739	2501	9830	16546
56748	2507	9911	16522
56751	2542	10011	19905
56763	2544	10152	11206
56768	2502	10133	18241
56778	2500	10239	18881
56786	2535	10350	18987
56792	2547	10458	16494
56793	2543	10428	18000
56838	2400	9751	7629
56856	2428	10052	11623
56872	2457	10237	23583
56875	2420	10233	17169
56886	2432	10346	17043
56946	2333	9924	11049
56950	2328	9948	10441
56951	2353	10005	15024
56954	2234	9956	10548
56959	2200	10047	5820
56964	2247	10058	13021
56966	2336	10159	4009
56969	2129	10134	6319
56977	2235	10151	11205
56985	2323	10323	13007
56986	2259	10341	14141
56991	2337	10420	15611
57003	3454	10650	9242
57014	3434	10552	10852
57025	3431	10723	7811
57028	3402	10719	15436
57030	3442	10809	9946
57034	3415	10813	4478
57037	3456	10859	7100
57046	3429	11005	20649
57048	3424	10843	4728
57049	3431	10944	3415
57051	3448	11112	4099
57052	3453	11027	3541
57067	3403	11102	5688
57071	3449	11226	3333
57077	3347	11139	7424
57083	3443	11339	1104
57084	3430	11303	11784
57089	3402	11352	668
57091	3447	11418	737
57106	3319	10609	7942
57124	3338	10656	10321
57127	3304	10702	5095
57131	3426	10858	4100
57134	3331	10759	8272
57140	3340	10907	8182
57143	3352	10958	7422
57144	3326	10909	6937
57154	3332	11054	105230
57156	3318	11130	2503
57178	3302	11235	1292
57181	3353	11303	1364
57193	3347	11431	526
57206	3226	10551	5138
57211	3250	10615	8361
57232	3303	10816	4849
57237	3204	10802	6740
57238	3232	10754	6939
57245	3243	10902	2908
57251	3300	11025	2491
57256	3239	11047	2865
57259	3202	11046	4269
57265	3223	11140	900
57278	3202	11210	686
57279	3209	11245	1255
57285	3223	11325	1530
57290	3300	11401	827
57297	3208	11403	1145
57306	3135	10558	3826
57313	3152	10646	4177
57314	3121	10604	4057
57328	3112	10730	3449
57343	3154	10932	9958
57348	3101	10932	2998
57355	3102	11022	3340
57358	3050	11058	2955
57359	3121	11044	3368
57363	3148	11150	1510
57378	3110	11234	658
57381	3137	11320	1163
57395	3134	11407	749
57399	3111	11501	593
57405	3030	10533	3550
57411	3047	10606	3097
57426	3041	10748	4545
57432	3046	10824	1867
57439	3017	10856	10741
57445	3036	10943	6092
57447	3017	10928	4571
57458	3012	11040	6199
57461	3042	11118	1331
57476	3021	11209	318
57482	3054	11357	255
57483	3040	11308	319
57493	3021	11420	735
57494	3036	11403	236
57502	2942	10542	3947
57503	2937	10507	3497
57512	2958	10617	2306
57516	2935	10628	2591
57517	2917	10615	2614
57520	2950	10704	3776
57523	2951	10744	2905
57536	2932	10847	6073
57545	2932	10925	5028
57554	2924	11010	3222
57562	2935	11122	1169
57573	2950	11254	300
57574	2922	11224	360
57581	2949	11327	274
57583	2955	11358	617
57584	2923	11305	530
57595	2936	11430	761
57598	2902	11435	1468
57604	2847	10523	3688
57606	2808	10650	9720
57608	2810	10526	3775
57612	2900	10639	4747
57614	2820	10613	11802
57625	2833	10727	6797
57633	2850	10846	6641
57642	2842	10938	3253
57647	2809	10911	4061
57649	2819	10944	2084
57655	2828	11024	1516
57662	2903	11141	350
57669	2823	11113	1283
57671	2851	11222	370
57673	2841	11253	532
57679	2812	11305	449
57682	2843	11334	1063
57687	2813	11255	680
57696	2824	11447	917
57707	2718	10517	15106
57710	2748	10624	8903
57712	2744	10657	9835
57718	2706	10644	10381
57722	2746	10728	7922
57729	2714	10753	6221
57731	2757	10815	4168
57741	2743	10911	2827
57745	2727	10941	2722
57749	2734	11000	2578
57752	2755	11036	2040
57758	2704	11035	3235
57761	2745	11118	2119
57766	2714	11128	2486
57774	2727	11210	1000
57776	2718	11242	12659
57779	2700	11321	1025
57780	2752	11310	746
57789	2708	11357	1945
57793	2748	11423	1313
57799	2703	11455	712
57803	2702	10601	12314
57805	2641	10546	13193
57806	2615	10554	14311
57816	2635	10644	12238
57825	2636	10759	7203
57827	2619	10732	9691
57832	2658	10840	6269
57839	2614	10909	5688
57840	2654	10912	4014
57841	2634	10940	3203
57845	2610	10947	3975
57853	2644	11038	3410
57857	2622	11019	4777
57860	2700	11117	2833
57866	2614	11137	1726
57872	2654	11236	1049
57874	2625	11224	1166
57889	2605	11357	8359
57894	2635	11410	8430
57896	2620	11430	1261
57902	2526	10511	13785
57906	2511	10605	5668
57907	2505	10454	12996
57910	2546	10605	11976
57912	2608	10638	9909
57916	2526	10646	4403
57922	2550	10733	10133
57926	2525	10753	4287
57932	2558	10832	2857
57947	2513	10924	1213
57957	2519	11018	1644
57958	2505	11019	1513
57965	2532	11136	1922
57972	2548	11302	1849
57974	2535	11222	2145
57993	2552	11500	1375
57996	2508	11419	1347
58005	3427	11540	501
58015	3427	11620	442
58026	3424	11801	257
58027	3417	11709	412
58034	3436	11819	362
58038	3405	11847	88
58040	3451	11908	53
58047	3418	11914	46
58102	3352	11546	377
58111	3358	11627	325
58118	3316	11631	260
58122	3338	11659	259
58130	3356	11757	238
58135	3329	11813	165
58138	3259	11831	408
58141	3338	11901	144
58143	3348	11951	48
58150	3346	12015	20
58158	3312	12029	31
58203	3252	11544	327
58208	3210	11537	429
58215	3233	11647	227
58221	3255	11724	219
58225	3232	11740	696
58236	3221	11815	335
58238	3156	11854	352
58241	3248	11927	54
58251	3251	12017	33
58252	3211	11928	273
58255	3222	12034	64
58259	3205	12059	48
58265	3204	12136	55
58311	3144	11630	741
58314	3124	11619	864
58319	3104	11657	854
58321	3147	11718	270
58326	3135	11750	309
58336	3142	11834	800
58338	3109	11835	171
58343	3153	11959	44
58345	3126	11929	77
58354	3137	12021	32
58356	3124	12100	32
58358	3104	12026	175
58362	3124	12127	55
58402	3044	11540	1238
58407	3014	11502	322
58414	3027	11618	710
58419	3006	11701	176
58424	3032	11703	198
58429	3058	11747	375
58436	3037	11859	873
58437	3008	11809	18404
58448	3013	11942	1176
58450	3052	12003	74
58457	3014	12010	417
58464	3037	12105	54
58467	3012	12116	45
58472	3044	12227	796
58477	3002	12206	357
58500	2951	11512	458
58506	2935	11559	11645
58507	2915	11507	1160
58519	2900	11641	401
58520	2951	11743	1420
58527	2918	11712	615
58531	2943	11817	1427
58543	2937	11901	1714
58549	2907	11939	626
58553	3003	12049	64
58556	2936	12049	1043
58557	2920	12005	900
58562	2947	12133	50
58569	2912	12157	1284
58600	2852	11522	789
58606	2836	11555	469
58608	2804	11533	304
58622	2857	11735	885
58626	2818	11713	512
58633	2900	11854	824
58634	2841	11815	1163
58637	2827	11759	1182
58646	2827	11955	597
58652	2852	12043	830
58665	2837	12125	46
58666	2827	12154	862
58667	2805	12116	959
58705	2720	11525	857
58715	2735	11639	808
58718	2713	11632	1115
58725	2720	11728	2180
58730	2746	11802	2221
58731	2755	11832	2769
58734	2720	11807	1969
58737	2703	11819	1549
58742	2807	11933	1630
58744	2727	11925	8159
58752	2747	12039	397
58754	2720	12012	362
58760	2750	12109	686
58806	2629	11601	2091
58813	2651	11620	1438
58818	2614	11638	3589
58820	2654	11710	3429
58834	2638	11810	1522
58837	2610	11809	1372
58843	2653	12001	568
58846	2640	11931	324
58847	2605	11917	840
58911	2551	11622	3100
58918	2503	11625	1980
58921	2558	11721	2060
58926	2518	11725	2053
58927	2503	11701	3760
58931	2543	11806	16535
58933	2655	11859	8695
58936	2522	11842	777
58944	2531	11947	324
59007	2404	10504	12496
59021	2433	10702	5094
59023	2442	10802	2602
59027	2408	10715	2549
59037	2356	10806	1708
59046	2421	10924	968
59058	2412	11031	1457
59065	2425	11132	1088
59072	2448	11222	1315
59082	2440	11336	1213
59087	2353	11331	972
59088	2411	11325	745
59092	2455	11449	2063
59096	2422	11429	2148
59097	2403	11412	1986
59102	2457	11539	3039
59107	2406	11515	992
59113	2444	11643	2269
59116	2420	11642	810
59117	2416	11606	878
59126	2430	11739	289
59133	2454	11855	218
59134	2429	11804	1394
59209	2325	10550	7941
59211	2354	10636	1735
59218	2308	10625	7399
59228	2319	10735	1088
59242	2345	10914	849
59254	2324	11005	425
59265	2329	11118	1148
59271	2338	11226	573
59278	2302	11227	410
59280	2343	11305	792
59287	2313	11329	707
59289	2258	11344	560
59293	2348	11444	708
59294	2320	11350	308
59298	2305	11425	223
59303	2355	11545	1359
59304	2338	11511	1768
59306	2327	11551	808
59310	2346	11611	453
59316	2324	11641	29
59317	2302	11618	144
59321	2347	11730	533
59324	2326	11702	72
59417	2220	10651	1288
59431	2238	10813	1216
59446	2225	10918	666
59453	2239	11010	818
59456	2221	11056	852
59462	2242	11136	600
59478	2215	11247	327
59485	2230	11324	337
59488	2217	11334	515
59493	2232	11400	630
59501	2248	11522	167
59626	2132	10758	219
59631	2147	10821	324
59632	2157	10837	48
59644	2127	10908	128
59647	2102	10906	552
59658	2109	11018	533
59663	2150	11158	899
59664	2132	11059	316
59673	2144	11246	215
59754	2020	11011	559
59758	2000	11015	635
59838	1906	10837	76
59845	1931	10935	1690
59849	1902	10950	2509
59855	1914	11028	240
59948	1813	10935	4194
59954	1830	11002	139
59981	1650	11220	47
